BREED;ANIMAL;CHROMOSOME;COUNT;START;END;LENGTH
BRD1;sample-001;1;8;14875612;17278945;2403333
BRD1;sample-001;1;6;27926149;32334090;4407941
BRD1;sample-001;1;8;61609955;64647196;3037241
BRD1;sample-001;1;11;154026607;158103199;4076592
BRD1;sample-001;2;6;77761290;81679349;3918059
BRD1;sample-001;2;7;82267986;86237820;3969834
BRD1;sample-002;1;8;41248664;43483581;2234917
BRD1;sample-002;1;6;46663777;48958005;2294228
BRD1;sample-002;1;6;68300741;70738581;2437840
BRD1;sample-002;1;8;103004836;106618401;3613565
BRD1;sample-002;1;7;140822550;144378178;3555628
BRD1;sample-002;1;9;153044603;156106965;3062362
BRD1;sample-002;1;9;156709910;159997049;3287139
BRD1;sample-002;2;6;60521064;63739827;3218763
BRD1;sample-002;2;10;64244900;67366016;3121116
BRD1;sample-002;2;7;81861373;84885301;3023928
BRD1;sample-002;2;6;90939953;93354567;2414614
BRD1;sample-002;2;8;126141600;128987290;2845690
BRD1;sample-003;1;6;27926149;32334090;4407941
BRD1;sample-003;1;7;41722740;44961871;3239131
BRD1;sample-003;1;6;49403484;52217229;2813745
BRD1;sample-003;1;7;119673817;121969703;2295886
BRD1;sample-003;1;8;126392829;128449387;2056558
BRD1;sample-003;1;6;140822550;143775482;2952932
BRD1;sample-003;1;11;150807422;155760349;4952927
BRD1;sample-003;2;6;2193417;4771835;2578418
BRD1;sample-003;2;6;99154979;101392052;2237073
BRD1;sample-003;2;7;124741357;126852879;2111522
BRD1;sample-004;1;7;16316415;19023132;2706717
BRD1;sample-004;1;6;42714936;45382464;2667528
BRD1;sample-004;1;6;76362569;78441351;2078782
BRD1;sample-004;1;7;82553338;84578824;2025486
BRD1;sample-004;1;9;92272317;96646194;4373877
BRD1;sample-004;1;7;150728790;153608601;2879811
BRD1;sample-004;2;9;0;3212952;3212952
BRD1;sample-004;2;7;35323344;39991756;4668412
BRD1;sample-004;2;7;78399537;81883501;3483964
BRD1;sample-005;1;7;5485774;7608504;2122730
BRD1;sample-005;1;8;22126711;24368192;2241481
BRD1;sample-005;1;6;24574639;27926149;3351510
BRD1;sample-005;1;11;41020598;44961871;3941273
BRD1;sample-005;1;9;56964509;59825125;2860616
BRD1;sample-005;1;6;68300741;70738581;2437840
BRD1;sample-005;1;6;72412086;74825741;2413655
BRD1;sample-005;1;6;80314815;82400005;2085190
BRD1;sample-005;1;6;103659498;106618401;2958903
BRD1;sample-005;1;7;125330706;127507518;2176812
BRD1;sample-005;2;7;56201;3212952;3156751
BRD1;sample-005;2;6;27651438;29692101;2040663
BRD1;sample-005;2;7;35323344;39991756;4668412
BRD1;sample-005;2;6;77761290;81679349;3918059
BRD1;sample-005;2;9;82267986;87550801;5282815
BRD1;sample-006;1;17;4951465;10245715;5294250
BRD1;sample-006;1;7;16316415;19023132;2706717
BRD1;sample-006;1;10;61404517;64647196;3242679
BRD1;sample-006;1;7;68959338;72673466;3714128
BRD1;sample-006;1;7;80204226;82400005;2195779
BRD1;sample-006;1;7;134025806;136027886;2002080
BRD1;sample-006;1;8;140822550;145006899;4184349
BRD1;sample-006;2;6;64455007;66743728;2288721
BRD1;sample-006;2;7;67279288;69964630;2685342
BRD1;sample-006;2;7;118007325;120857158;2849833
BRD1;sample-006;2;7;126761889;128987290;2225401
BRD1;sample-007;1;6;7424454;9611559;2187105
BRD1;sample-007;1;9;14875612;17981100;3105488
BRD1;sample-007;1;6;46663777;48958005;2294228
BRD1;sample-007;1;6;53793026;57180148;3387122
BRD1;sample-007;1;10;60842756;63570305;2727549
BRD1;sample-007;1;6;86222951;89509672;3286721
BRD1;sample-007;1;7;127725447;129728771;2003324
BRD1;sample-007;2;6;23474879;26427913;2953034
BRD1;sample-007;2;6;60521064;63739827;3218763
BRD1;sample-007;2;6;127414822;129702918;2288096
BRD1;sample-007;2;8;130979447;134761842;3782395
BRD1;sample-008;1;9;4951465;7569168;2617703
BRD1;sample-008;1;7;92272317;95456256;3183939
BRD1;sample-008;1;7;150807422;153670496;2863074
BRD1;sample-008;1;6;154351347;156709910;2358563
BRD1;sample-008;2;7;56201;3212952;3156751
BRD1;sample-008;2;6;8566611;12426923;3860312
BRD1;sample-008;2;6;60178845;63385853;3207008
BRD1;sample-008;2;7;63947670;66587165;2639495
BRD1;sample-008;2;7;81679349;84405513;2726164
BRD1;sample-009;1;6;7846962;10122356;2275394
BRD1;sample-009;1;9;19345603;21491227;2145624
BRD1;sample-009;1;6;30843173;33744104;2900931
BRD1;sample-009;1;7;155760349;157851579;2091230
BRD1;sample-009;2;7;71596880;73707834;2110954
BRD1;sample-009;2;9;112736343;115183035;2446692
BRD1;sample-009;2;7;120769798;123033892;2264094
BRD1;sample-010;1;6;46663777;48958005;2294228
BRD1;sample-010;1;6;57143017;59460639;2317622
BRD1;sample-010;1;8;83575092;85719580;2144488
BRD1;sample-010;1;8;120249290;123041930;2792640
BRD1;sample-010;1;8;123116252;125330706;2214454
BRD1;sample-010;1;11;153044603;156709910;3665307
BRD1;sample-010;1;7;157127466;159997049;2869583
BRD1;sample-010;2;8;47213028;49965996;2752968
BRD1;sample-010;2;8;99406944;103004093;3597149
BRD1;sample-010;2;6;127414822;129702918;2288096
BRD2;sample-061;1;7;7846962;10245715;2398753
BRD2;sample-061;1;7;22648211;24935985;2287774
BRD2;sample-061;1;6;37747213;40878676;3131463
BRD2;sample-061;1;8;64787542;67055261;2267719
BRD2;sample-061;1;6;68959338;72412086;3452748
BRD2;sample-061;1;6;105642858;108937104;3294246
BRD2;sample-061;1;7;141186328;145006899;3820571
BRD2;sample-061;2;7;23987983;26641920;2653937
BRD2;sample-061;2;6;27651438;29692101;2040663
BRD2;sample-061;2;7;47792562;49965996;2173434
BRD2;sample-061;2;7;117480046;120114586;2634540
BRD2;sample-062;1;8;52539817;56964509;4424692
BRD2;sample-062;1;8;57512973;60572493;3059520
BRD2;sample-062;1;9;123089928;125330706;2240778
BRD2;sample-062;1;6;134258377;136742668;2484291
BRD2;sample-062;1;7;141186328;145006899;3820571
BRD2;sample-062;1;9;150728790;154026607;3297817
BRD2;sample-062;1;7;158706316;161021444;2315128
BRD2;sample-062;2;7;240833;4168811;3927978
BRD2;sample-062;2;8;10659905;14701653;4041748
BRD2;sample-062;2;6;97061784;99406944;2345160
BRD2;sample-062;2;6;118468145;120857158;2389013
BRD2;sample-062;2;7;131957460;135863014;3905554
BRD2;sample-063;1;6;61489778;63570305;2080527
BRD2;sample-063;1;8;64787542;67055261;2267719
BRD2;sample-063;1;7;69936794;73596493;3659699
BRD2;sample-063;2;10;7136739;11479112;4342373
BRD2;sample-063;2;6;12426923;16069902;3642979
BRD2;sample-063;2;6;18849986;21084997;2235011
BRD2;sample-063;2;8;23474879;26641920;3167041
BRD2;sample-063;2;7;69964630;73603908;3639278
BRD2;sample-063;2;7;77761290;81861373;4100083
BRD2;sample-063;2;6;107952012;110233944;2281932
BRD2;sample-063;2;6;126852879;128987290;2134411
BRD2;sample-063;2;7;134199188;137385204;3186016
BRD2;sample-070;1;8;24368192;27926149;3557957
BRD2;sample-070;1;8;51124342;53671558;2547216
BRD2;sample-070;1;7;53822907;57512973;3690066
BRD2;sample-070;1;6;68959338;72412086;3452748
BRD2;sample-070;1;6;85694937;89041799;3346862
BRD2;sample-070;1;8;119572421;121969703;2397282
BRD2;sample-070;1;8;134025806;136344019;2318213
BRD2;sample-070;1;7;158706316;161021444;2315128
BRD2;sample-070;2;7;26936941;29154674;2217733
BRD2;sample-070;2;7;33655650;36736942;3081292
BRD2;sample-070;2;7;67366016;71596880;4230864
BRD2;sample-070;2;6;74482560;78399537;3916977
BRD2;sample-071;1;8;7608504;10245715;2637211
BRD2;sample-071;1;6;46663777;48958005;2294228
BRD2;sample-071;1;9;56964509;59825125;2860616
BRD2;sample-071;1;6;61489778;63570305;2080527
BRD2;sample-071;1;9;103659498;108937104;5277606
BRD2;sample-071;1;10;111804662;119530318;7725656
BRD2;sample-071;2;8;5156156;7744686;2588530
BRD2;sample-071;2;8;18791279;21493899;2702620
BRD2;sample-071;2;6;23987983;26618210;2630227
BRD2;sample-071;2;6;49316996;53268661;3951665
BRD2;sample-071;2;8;56269394;60521064;4251670
BRD2;sample-071;2;8;63739827;66587165;2847338
BRD2;sample-071;2;7;79635503;82703468;3067965
BRD2;sample-071;2;6;131501011;134761842;3260831
BRD2;sample-072;1;6;35047499;37479119;2431620
BRD2;sample-072;1;6;42738902;45412401;2673499
BRD2;sample-072;1;6;48958005;52172542;3214537
BRD2;sample-072;1;8;52539817;56964509;4424692
BRD2;sample-072;1;9;73596493;76527161;2930668
BRD2;sample-072;1;7;153670496;156613986;2943490
BRD2;sample-072;2;6;8566611;12426923;3860312
BRD2;sample-072;2;8;24041804;27338225;3296421
BRD2;sample-072;2;7;117480046;120114586;2634540
BRD2;sample-072;2;7;120769798;123033892;2264094
BRD2;sample-072;2;8;124480807;126852879;2372072
BRD2;sample-072;2;7;131957460;135863014;3905554
BRD2;sample-073;1;12;6481567;10245715;3764148
BRD2;sample-073;1;8;22372390;24574639;2202249
BRD2;sample-073;1;7;46663777;49403484;2739707
BRD2;sample-073;1;13;57512973;61489778;3976805
BRD2;sample-073;1;8;62260773;65331988;3071215
BRD2;sample-073;1;6;80314815;82400005;2085190
BRD2;sample-073;1;8;96646194;99456799;2810605
BRD2;sample-073;1;10;105642858;109969510;4326652
BRD2;sample-073;1;7;124280496;126295740;2015244
BRD2;sample-073;1;13;133233306;138392971;5159665
BRD2;sample-073;1;7;153608601;156106965;2498364
BRD2;sample-073;2;7;7744686;11479112;3734426
BRD2;sample-073;2;7;13350519;17060623;3710104
BRD2;sample-073;2;6;56269394;59932526;3663132
BRD2;sample-073;2;6;77761290;81679349;3918059
BRD2;sample-073;2;6;82267986;85473318;3205332
BRD2;sample-073;2;7;88598931;92309639;3710708
BRD2;sample-073;2;8;96553379;99406944;2853565
BRD2;sample-073;2;7;103246909;109195676;5948767
BRD2;sample-073;2;6;135863014;138475645;2612631
BRD2;sample-074;1;6;150728790;153350947;2622157
BRD2;sample-074;1;8;153670496;156709910;3039414
BRD2;sample-074;2;6;12030067;14701653;2671586
BRD2;sample-074;2;8;24041804;27338225;3296421
BRD2;sample-074;2;9;65812459;68375425;2562966
BRD2;sample-074;2;9;99714541;107952012;8237471
BRD2;sample-074;2;10;120114586;123209779;3095193
BRD2;sample-074;2;8;124741357;127263786;2522429
BRD2;sample-074;2;6;131501011;134761842;3260831
BRD2;sample-075;1;8;5372373;7569168;2196795
BRD2;sample-075;1;6;7846962;10122356;2275394
BRD2;sample-075;1;7;42714936;45412401;2697465
BRD2;sample-075;1;6;62260773;64787542;2526769
BRD2;sample-075;1;6;92272317;94931080;2658763
BRD2;sample-075;1;8;103229116;107572908;4343792
BRD2;sample-075;1;7;119835791;122081752;2245961
BRD2;sample-075;1;7;131505562;133720707;2215145
BRD2;sample-075;1;9;134088757;136852565;2763808
BRD2;sample-075;1;8;148402823;150502107;2099284
BRD2;sample-075;1;8;153608601;156613986;3005385
BRD2;sample-075;2;8;65960162;68375425;2415263
BRD2;sample-075;2;6;69964630;73434414;3469784
BRD2;sample-075;2;6;73773944;76927417;3153473
BRD2;sample-075;2;6;79076533;81883501;2806968
BRD2;sample-075;2;6;97061784;99406944;2345160
BRD2;sample-075;2;10;116687684;120114586;3426902
BRD2;sample-075;2;7;121321453;123462478;2141025
BRD2;sample-075;2;9;124741357;127414822;2673465
BRD2;sample-076;1;9;4667658;6868187;2200529
BRD2;sample-076;1;8;24368192;27926149;3557957
BRD2;sample-076;1;7;42714936;45412401;2697465
BRD2;sample-076;1;8;46323000;49403484;3080484
BRD2;sample-076;1;6;57143017;59460639;2317622
BRD2;sample-076;1;8;69106533;73596493;4489960
BRD2;sample-076;1;6;77620415;79972528;2352113
BRD2;sample-076;1;7;85694937;89221640;3526703
BRD2;sample-076;1;11;108937104;111322944;2385840
BRD2;sample-076;1;8;140169251;143579977;3410726
BRD2;sample-076;2;6;18791279;21000370;2209091
BRD2;sample-076;2;7;24230371;27338225;3107854
BRD2;sample-076;2;7;34122324;39713187;5590863
BRD2;sample-076;2;6;44238234;47213028;2974794
BRD2;sample-076;2;7;67366016;71596880;4230864
BRD2;sample-076;2;6;74482560;78399537;3916977
BRD2;sample-076;2;9;97424735;101680924;4256189
BRD2;sample-076;2;7;117480046;120114586;2634540
BRD3;sample-115;1;8;30843173;34054463;3211290
BRD3;sample-115;1;6;36925179;39692200;2767021
BRD3;sample-115;1;7;54993939;59101517;4107578
BRD3;sample-115;1;6;68959338;72412086;3452748
BRD3;sample-115;1;7;76527161;79657036;3129875
BRD3;sample-115;1;6;103659498;106618401;2958903
BRD3;sample-115;1;7;134025806;136027886;2002080
BRD3;sample-115;1;8;148402823;150502107;2099284
BRD3;sample-115;2;6;240833;4065885;3825052
BRD3;sample-115;2;6;56122993;58842740;2719747
BRD3;sample-115;2;6;64244900;66587165;2342265
BRD3;sample-115;2;8;73603908;76927417;3323509
BRD3;sample-115;2;6;87287499;90107658;2820159
BRD3;sample-115;2;6;99154979;101392052;2237073
BRD3;sample-115;2;7;122549110;124741357;2192247
BRD3;sample-116;1;7;37479119;40878676;3399557
BRD3;sample-116;1;9;89041799;92627088;3585289
BRD3;sample-116;1;10;130073477;133050520;2977043
BRD3;sample-116;1;9;134088757;136852565;2763808
BRD3;sample-116;1;6;141989336;145006899;3017563
BRD3;sample-116;1;6;150728790;153350947;2622157
BRD3;sample-116;2;8;4681598;7136739;2455141
BRD3;sample-116;2;6;10561002;13350519;2789517
BRD3;sample-116;2;6;18849986;21084997;2235011
BRD3;sample-116;2;6;24230371;26936941;2706570
BRD3;sample-116;2;11;126141600;130394179;4252579
BRD3;sample-117;1;6;7569168;10029277;2460109
BRD3;sample-117;1;6;53822907;57260972;3438065
BRD3;sample-117;1;6;69106533;72673466;3566933
BRD3;sample-117;1;8;89509672;93311608;3801936
BRD3;sample-117;1;8;106618401;109969510;3351109
BRD3;sample-117;1;10;146377857;148951348;2573491
BRD3;sample-117;2;6;7744686;10659905;2915219
BRD3;sample-117;2;6;35323344;39885395;4562051
BRD3;sample-117;2;8;60178845;63947670;3768825
BRD3;sample-117;2;8;81861373;85473318;3611945
BRD3;sample-117;2;6;87287499;90107658;2820159
BRD3;sample-118;1;7;27658670;32334090;4675420
BRD3;sample-118;1;8;48958005;52539817;3581812
BRD3;sample-118;1;11;59101517;61404517;2303000
BRD3;sample-118;1;6;68959338;72412086;3452748
BRD3;sample-118;1;6;103659498;106618401;2958903
BRD3;sample-118;1;6;111113819;113265667;2151848
BRD3;sample-118;1;6;134258377;136742668;2484291
BRD3;sample-118;2;6;18791279;21000370;2209091
BRD3;sample-118;2;7;23474879;26618210;3143331
BRD3;sample-118;2;6;33538423;35552830;2014407
BRD3;sample-118;2;7;55751116;58842740;3091624
BRD3;sample-118;2;6;89062659;92309639;3246980
BRD3;sample-118;2;7;101392052;107952012;6559960
BRD3;sample-118;2;6;108556922;110663690;2106768
BRD3;sample-118;2;10;111089360;113379748;2290388
BRD3;sample-118;2;7;117480046;120114586;2634540
BRD3;sample-118;2;7;126141600;128161004;2019404
BRD3;sample-119;1;6;28949443;32987753;4038310
BRD3;sample-119;1;6;41459257;43483581;2024324
BRD3;sample-119;1;6;75221451;77469637;2248186
BRD3;sample-119;1;6;92627088;95898816;3271728
BRD3;sample-119;1;6;117318988;119572421;2253433
BRD3;sample-119;2;12;1200474;5417403;4216929
BRD3;sample-119;2;6;35149654;39713187;4563533
BRD3;sample-119;2;6;127414822;129702918;2288096
BRD3;sample-119;2;7;131501011;135570789;4069778
BRD3;sample-119;2;7;136036740;138931567;2894827
BRD3;sample-124;1;7;5372373;7424454;2052081
BRD3;sample-124;1;8;22372390;24574639;2202249
BRD3;sample-124;1;10;64378197;67055261;2677064
BRD3;sample-124;1;6;68959338;72412086;3452748
BRD3;sample-124;1;7;77469637;79972528;2502891
BRD3;sample-124;1;7;80314815;82553338;2238523
BRD3;sample-124;1;6;85694937;89041799;3346862
BRD3;sample-124;1;8;92198140;95456256;3258116
BRD3;sample-124;1;8;120249290;123041930;2792640
BRD3;sample-124;2;6;43208247;46283875;3075628
BRD3;sample-125;1;6;7424454;9611559;2187105
BRD3;sample-125;1;6;47347125;50978710;3631585
BRD3;sample-125;1;7;53793026;57260972;3467946
BRD3;sample-125;1;10;59101517;61282581;2181064
BRD3;sample-125;1;9;73476448;76362569;2886121
BRD3;sample-125;1;7;77469637;79972528;2502891
BRD3;sample-125;1;7;104164419;108937104;4772685
BRD3;sample-125;1;8;117145831;119673817;2527986
BRD3;sample-125;1;9;131505562;134088757;2583195
BRD3;sample-125;1;7;134258377;136852565;2594188
BRD3;sample-125;2;8;1854042;5112946;3258904
BRD3;sample-125;2;13;63385853;67366016;3980163
BRD3;sample-125;2;8;69894374;73603908;3709534
BRD3;sample-125;2;6;73773944;76927417;3153473
BRD3;sample-125;2;7;97061784;99450352;2388568
BRD3;sample-125;2;6;108556922;110663690;2106768
BRD3;sample-126;1;10;22126711;24574639;2447928
BRD3;sample-126;1;8;28949443;33558636;4609193
BRD3;sample-126;1;8;63570305;65638343;2068038
BRD3;sample-126;1;7;68959338;72673466;3714128
BRD3;sample-126;1;7;77469637;79972528;2502891
BRD3;sample-126;1;7;104164419;108937104;4772685
BRD3;sample-126;1;6;117318988;119572421;2253433
BRD3;sample-126;1;7;125330706;127507518;2176812
BRD3;sample-126;1;7;153670496;156613986;2943490
BRD3;sample-126;2;9;4168811;7136739;2967928
BRD3;sample-126;2;9;43208247;48403116;5194869
BRD3;sample-126;2;6;89062659;92309639;3246980
BRD3;sample-126;2;7;117480046;120114586;2634540
BRD3;sample-126;2;8;126141600;128987290;2845690
BRD3;sample-127;1;9;7959111;13045067;5085956
BRD3;sample-127;1;7;57512973;60234221;2721248
BRD3;sample-127;1;6;76362569;78441351;2078782
BRD3;sample-127;1;6;117145831;119530318;2384487
BRD3;sample-127;1;6;156913403;159495208;2581805
BRD3;sample-127;2;7;73707834;76927417;3219583
BRD3;sample-127;2;6;118468145;120857158;2389013
BRD3;sample-128;1;6;37479119;40758983;3279864
BRD3;sample-128;1;9;68959338;73596493;4637155
BRD3;sample-128;1;7;93311608;96772613;3461005
BRD3;sample-128;1;6;103004836;105642858;2638022
BRD3;sample-128;1;11;133233306;136742668;3509362
BRD3;sample-128;1;8;153350947;156106965;2756018
BRD3;sample-128;2;6;240833;4065885;3825052
BRD3;sample-128;2;8;4771835;7520464;2748629
BRD3;sample-128;2;6;10561002;13350519;2789517
BRD3;sample-128;2;6;18849986;21084997;2235011
BRD3;sample-128;2;6;24230371;26936941;2706570
BRD3;sample-128;2;6;120114586;122338918;2224332
BRD3;sample-128;2;6;124741357;126761889;2020532
BRD4;sample-178;1;8;5443873;7608504;2164631
BRD4;sample-178;1;6;24935985;28949443;4013458
BRD4;sample-178;1;11;34217266;37479119;3261853
BRD4;sample-178;1;7;46663777;49403484;2739707
BRD4;sample-178;1;7;68300741;71919665;3618924
BRD4;sample-178;1;8;89221640;92627088;3405448
BRD4;sample-178;2;6;56122993;58842740;2719747
BRD4;sample-178;2;6;99714541;103004093;3289552
BRD4;sample-178;2;7;130979447;134352484;3373037
BRD4;sample-179;1;10;41020598;44713675;3693077
BRD4;sample-179;1;6;120914953;123041930;2126977
BRD4;sample-179;2;7;57418789;61839493;4420704
BRD4;sample-179;2;6;68375425;71743548;3368123
BRD4;sample-179;2;8;81861373;85473318;3611945
BRD4;sample-179;2;8;129702918;133583088;3880170
BRD4;sample-180;1;6;5485774;7569168;2083394
BRD4;sample-180;1;10;41020598;44713675;3693077
BRD4;sample-180;1;8;66330480;68959338;2628858
BRD4;sample-180;1;6;122081752;124105380;2023628
BRD4;sample-180;1;7;134088757;136344019;2255262
BRD4;sample-180;2;11;105004;5112946;5007942
BRD4;sample-180;2;12;99714541;108854239;9139698
BRD4;sample-180;2;9;130438552;134761842;4323290
BRD4;sample-181;1;9;10098308;15281557;5183249
BRD4;sample-181;1;7;76155226;78441351;2286125
BRD4;sample-181;1;7;85694937;89221640;3526703
BRD4;sample-181;1;6;117318988;119572421;2253433
BRD4;sample-181;1;8;120249290;123041930;2792640
BRD4;sample-181;1;6;141186328;144378178;3191850
BRD4;sample-181;2;8;2193417;5156156;2962739
BRD4;sample-181;2;9;8566611;14067215;5500604
BRD4;sample-181;2;8;29390647;31559155;2168508
BRD4;sample-181;2;6;41474655;45222357;3747702
BRD4;sample-181;2;6;49316996;53268661;3951665
BRD4;sample-181;2;6;78399537;81861373;3461836
BRD4;sample-181;2;6;108556922;110663690;2106768
BRD4;sample-182;1;13;63570305;67119589;3549284
BRD4;sample-182;1;6;68300741;70738581;2437840
BRD4;sample-182;1;6;92272317;94931080;2658763
BRD4;sample-182;1;7;103229116;106618401;3389285
BRD4;sample-182;1;8;111113819;117145831;6032012
BRD4;sample-182;1;9;141186328;145886528;4700200
BRD4;sample-182;1;8;148462983;150589077;2126094
BRD4;sample-182;2;9;2193417;5334097;3140680
BRD4;sample-182;2;6;18849986;21084997;2235011
BRD4;sample-182;2;6;24794614;27338225;2543611
BRD4;sample-182;2;6;27651438;29692101;2040663
BRD4;sample-182;2;6;35552830;39991756;4438926
BRD4;sample-182;2;6;41474655;45222357;3747702
BRD4;sample-182;2;6;56704457;60178845;3474388
BRD4;sample-182;2;8;97147017;101272741;4125724
BRD4;sample-182;2;6;106936310;109195676;2259366
BRD4;sample-182;2;6;117709717;120114586;2404869
BRD4;sample-182;2;7;126761889;128987290;2225401
BRD4;sample-183;1;9;41272857;44961871;3689014
BRD4;sample-183;1;6;96646194;99075511;2429317
BRD4;sample-183;1;6;103229116;106298620;3069504
BRD4;sample-183;1;6;140822550;143775482;2952932
BRD4;sample-183;2;10;81251474;85473318;4221844
BRD4;sample-183;2;9;122995670;125174183;2178513
BRD4;sample-184;1;9;4850611;7424454;2573843
BRD4;sample-184;1;10;41020598;44713675;3693077
BRD4;sample-184;1;7;54993939;59101517;4107578
BRD4;sample-184;1;7;61609955;64378197;2768242
BRD4;sample-184;1;8;89041799;92297145;3255346
BRD4;sample-184;1;7;120541653;123041930;2500277
BRD4;sample-184;1;6;157851579;159997049;2145470
BRD4;sample-184;2;6;46283875;49316996;3033121
BRD4;sample-184;2;7;108854239;111089360;2235121
BRD4;sample-184;2;6;120769798;122995670;2225872
BRD4;sample-185;1;7;7424454;10029277;2604823
BRD4;sample-185;1;7;22410017;24574639;2164622
BRD4;sample-185;1;7;68959338;72673466;3714128
BRD4;sample-185;1;8;89041799;92297145;3255346
BRD4;sample-185;1;7;110679610;113130882;2451272
BRD4;sample-185;1;10;134025806;136852565;2826759
BRD4;sample-185;1;6;141186328;144378178;3191850
BRD4;sample-185;1;9;156106965;159495208;3388243
BRD4;sample-185;2;10;0;4065885;4065885
BRD4;sample-185;2;6;46283875;49316996;3033121
BRD4;sample-185;2;9;79635503;84405513;4770010
BRD4;sample-185;2;7;108556922;110847873;2290951
BRD4;sample-185;2;7;126852879;129364891;2512012
BRD4;sample-186;1;8;57180148;60004559;2824411
BRD4;sample-186;1;7;72412086;75180498;2768412
BRD4;sample-186;1;6;92272317;94931080;2658763
BRD4;sample-186;2;6;2193417;4771835;2578418
BRD4;sample-186;2;6;24041804;26641920;2600116
BRD4;sample-186;2;6;35552830;39991756;4438926
BRD4;sample-186;2;6;46248614;48720147;2471533
BRD4;sample-187;1;6;1981154;4850611;2869457
BRD4;sample-187;1;6;42714936;45382464;2667528
BRD4;sample-187;1;8;92272317;95898816;3626499
BRD4;sample-187;1;6;103659498;106618401;2958903
BRD4;sample-187;1;6;117318988;119572421;2253433
BRD4;sample-187;1;8;119835791;122134673;2298882
BRD4;sample-187;1;8;123089928;125138085;2048157
BRD4;sample-187;1;9;134025806;136742668;2716862
BRD4;sample-187;1;7;154351347;156913403;2562056
BRD4;sample-187;2;7;34122324;39713187;5590863
BRD4;sample-187;2;6;47792562;49852853;2060291
BRD4;sample-187;2;7;84885301;89062659;4177358
BRD4;sample-187;2;6;99406944;101680924;2273980
BRD4;sample-187;2;9;106936310;110663690;3727380
BRD4;sample-187;2;6;120189318;122549110;2359792
BRD4;sample-187;2;8;126141600;128987290;2845690
BRD4;sample-187;2;7;131501011;135570789;4069778
